‘Why 111, Ῐᾶίίὺωᾱς (ω

1111011111

””« CURSUS COMPLETUS,

5110 1111111101111101 UNTVERSALTS, 1111001111, 0101011018, 0001110111, 0000000101,

1111111111 11.11111111,11111111111011 1111111101111111 1001111111101111111.’

slva 1111101011,1111111111011111,

0111 111111111111111111111111 LLLLocLLLLL 111 (ALL. 11161 Ρ110 LLLLLLS,
LL 1111111111 LLOLLLLLLL LLLLPLLL (1111111111 LLLcLs LLOLLLLLLL:

RECUSIO cLLLONOLOGLCL

01111100 0010 0118111000 000000013ὲ1ἑ111ὲ501ἑ11812ς1ἰ18ᾒ’1111011100Ιὸ LEL QULLLLLCLLL LLLLLLL

11111111111111111111111111111,111111111111111111111111111111111111111111111111111.111111111111111
111111111111 11111111111111,11111111111111111111111111111111111111111ιι.111τ1111;1111111
, 1111111111111111111111 111111111111111111111111111 1111111 11111111 1111111111, 11111111
11111111111111111111111 111111111111111111, 11111111 1111 1111111111 1111111111111111
1111111111111111111111,111111; 1111111111111111111 111111 11111111111111,111111 111111111
11111111111111111111 11111111 1111111111,1111111111111111111111111111111111 1111111·
11111111,11111111;1111111111111111111 1111111111,111111 111111111111111 11
11111111 11111111111111111111111111111111111111, 11111111111;
11111111 1111111111111111111111111 11111111111111111111,1111111111,11111111111,111111111,
1111111111,1111111111,1111111111, 111,11118111001010811111111111111111111111111111·
11111,11111111111111111111,1111111111111,111111111111111111111111111111111111
1111111111,111111111τ1;111111111111111111111111111111111111111111111111,111111
1111111111111011,1111111111,1111111 111 11111111111111111111111,111111 111111
11111111111 11111111111111111111111111,11111111111111111 1111111111, 111
1111111111111111111; 111111 8011111011108101110,11111 1111111 1111-

111111 111 11111111111111 111111 11 11 111111 1111111 1111111 11111
11111111111111111111111111 111111111111111, 1 111111 11111111
111111111111111111 1111111111, 1111111111 1111 ι
1111111111111111111,1111111111 11111111 11111111111111111,11 111111111111 111111111111 11111111,
1111111 11111111,1111111111111111, 111111111111111111111,1111111 1111111111 111 11111111
1111 11111111, 111111 1111111111 11111111 1111111111111111 11111111111111 1111111 1111111111
1111111, 111111 111111111,11ι111111111111111111111111, 1111111111 11111111111111,
11111111111111111111111111 11111111111111 11111111 111 11111111111111,111111111
1111111111, 11111111111111111111 11111111111, 1111111111 111111. 11 111111
1111111, 11111, 1111111 111111111 1111111111111,1111111111111,

111111111111111111111 1111111111 1111111111 1111111111, 1111 11111111111111111 1111111111,

811111Εὸ mnu,

111 001 1110011001 LLLLLs 0001011118 1111111111111111111111111111
L LLLL'LJLLLLLLO 111111111111 111.

1000011110 1.· ·.Ρ 11101111,

Bibliothecae 11111 1111111111,
1111 1111111 1111111111 11 11111111 11111111 111111111111111111 1111111.

111111.,1111 1111111111111111111111111111;.11111111111111 11111 11111111111111111111111-11111111.
1111111111 1111 1111 1111111 1111111111111111111, ’11111111 11 1111111 1111111111111111111111111
11111,11111111111111 11111111111111111111111’1111111111 11111111 11111 11111111 111. 1111
1111111 111111 111 1111 11111111 11111 11111111 1111111111,1111111111111111 11111111, 111 111111
1111111111111 1111111. 111111111111111111111111111111111111111111111,111111111111111111 11
1111111111111111111111111111111. 1111111111111111111111111111111111111111111111111
1111 111111111; 11111111 1111111111 111111111111111111111111111 1111111111.11111111111 11111111
1111111111111111,1111111111 1111 1111111 1111111τ1111111111111111111111ι 111111111 1111,
11111111111111111111111111111111111111111111 1111111,111111111111111111111111·
11111 1111111 11111111111111 11111111 11111111111111111111111111111 1111111111111 11111 111111
11111111 11111111,11 11111111111111111111111111111111111 1111111111, 111 11111111 Lx
11111 111111 111111. 1111 1111111 11111111 111 111111 111 111111 1111111 111111 111111111. 11111111·

11110011 1011111811ηο1011Δὶ 81111008 1101101111ϋῦ, 81 ’1111118 LLs LLLLs 0111011101110111101118 11111181.
-ῴ- ’

1111010111111111 101103 Lm.

Ἥ

’11111111 1111, 111111 1111111, 11111111 1111, 1111111111.

*⁸*—

ExcuoLBLTun 111111111011-1) 1110110,11011’011011,
111 111 011111 111111Αο1, 01111 11“,11111101811“ 1111111111111111111111310111111111110
LLLLLLLL 1100101110, SEU 111111111111111, NUNC 10110 1111111 1111111111 1111181111

1861

 

